[Cluster__1]
515, 517, 518, 520

[Cluster__2]
849, 879

[Cluster__3]
757, 764, 881, 884, 987, 1020, 1032, 1042, 1044, 1070, 1358, 1364, 1547, 1548, 1549

[Cluster__4]
0, 8, 10, 11, 13, 16, 18, 19, 21, 22, 24, 28, 30, 35, 36, 39, 42, 44, 45, 46, 47, 54, 55, 57, 58, 59, 60, 61, 62, 63, 65, 66, 69, 72, 73, 74, 75, 77, 78, 80, 81, 82, 84, 90, 91, 92, 93, 94, 95, 96, 97, 98, 99, 100, 101, 102, 104, 105, 106, 107, 108, 109, 110, 112, 113, 114, 116, 117, 118, 119, 123, 124, 128, 131, 140, 143, 146, 149, 152, 153, 154, 155, 156, 167, 169, 170, 171, 176, 177, 179, 180, 181, 183, 184, 185, 188, 190, 193, 194, 200, 203, 204, 209, 210, 211, 212, 214, 215, 216, 217, 218, 219, 220, 222, 223, 224, 226, 227, 229, 231, 234, 235, 236, 237, 238, 239, 240, 241, 243, 244, 245, 249, 250, 252, 253, 254, 255, 257, 258, 260, 263, 264, 265, 267, 268, 270, 271, 272, 274, 276, 277, 278, 279, 280, 281, 282, 284, 289, 290, 291, 292, 295, 298, 299, 300, 303, 307, 309, 310, 314, 316, 317, 318, 322, 323, 329, 334, 335, 340, 341, 348, 353, 354, 356, 376, 377, 378, 379, 380, 381, 382, 383, 386, 387, 389, 390, 394, 395, 396, 398, 400, 401, 402, 404, 406, 409, 410, 412, 415, 416, 417, 421, 422, 423, 424, 425, 427, 429, 430, 431, 433, 434, 435, 437, 438, 440, 441, 443, 444, 445, 446, 447, 448, 449, 450, 451, 452, 454, 455, 459, 460, 461, 462, 463, 466, 469, 470, 471, 473, 475, 479, 480, 481, 482, 483, 484, 486, 487, 488, 489, 490, 491, 492, 495, 500, 502, 503, 504, 505, 506, 508, 509, 510, 513, 514, 516, 519, 521, 527, 528, 529, 533, 534, 535, 537, 540, 541, 545, 546, 548, 549, 553, 554, 555, 557, 558, 561, 566, 569, 571, 577, 588, 590, 594, 596, 600, 601, 603, 605, 606, 608, 612, 617, 619, 620, 622, 623, 625, 626, 627, 628, 629, 630, 633, 638, 639, 640, 641, 642, 643, 645, 646, 647, 648, 649, 651, 652, 654, 657, 658, 660, 662, 663, 664, 667, 668, 669, 670, 671, 676, 678, 681, 682, 684, 685, 688, 689, 691, 692, 693, 696, 698, 700, 701, 704, 706, 707, 708, 712, 715, 720, 722, 723, 724, 725, 726, 728, 730, 731, 732, 738, 739, 740, 742, 743, 744, 746, 747, 748, 750, 753, 754, 755, 760, 762, 767, 771, 773, 774, 775, 776, 777, 778, 779, 780, 782, 783, 785, 787, 788, 789, 792, 795, 797, 798, 799, 805, 806, 807, 810, 811, 816, 817, 818, 819, 820, 821, 822, 823, 825, 826, 829, 830, 831, 832, 833, 834, 838, 844, 845, 846, 847, 861, 864, 867, 869, 874, 875, 876, 877, 883, 887, 890, 893, 895, 896, 899, 901, 908, 910, 912, 913, 916, 918, 920, 921, 923, 924, 925, 927, 930, 947, 956, 958, 960, 961, 970, 972, 973, 974, 978, 982, 984, 986, 990, 991, 992, 1004, 1007, 1008, 1014, 1017, 1018, 1019, 1021, 1023, 1026, 1028, 1030, 1033, 1037, 1038, 1039, 1040, 1043, 1051, 1054, 1055, 1056, 1060, 1065, 1066, 1069, 1075, 1076, 1077, 1081, 1082, 1083, 1088, 1089, 1090, 1091, 1100, 1101, 1102, 1103, 1104, 1105, 1106, 1108, 1111, 1112, 1114, 1118, 1126, 1128, 1129, 1130, 1132, 1134, 1136, 1137, 1139, 1140, 1141, 1142, 1144, 1146, 1147, 1148, 1149, 1159, 1160, 1162, 1163, 1164, 1166, 1168, 1169, 1170, 1171, 1172, 1173, 1174, 1175, 1177, 1179, 1181, 1182, 1185, 1188, 1190, 1193, 1194, 1197, 1198, 1199, 1200, 1202, 1206, 1212, 1213, 1217, 1218, 1219, 1220, 1222, 1223, 1224, 1225, 1231, 1232, 1239, 1242, 1243, 1247, 1248, 1250, 1253, 1256, 1260, 1261, 1263, 1265, 1267, 1268, 1269, 1272, 1273, 1274, 1276, 1281, 1284, 1289, 1291, 1293, 1294, 1304, 1306, 1314, 1317, 1323, 1329, 1330, 1332, 1333, 1335, 1341, 1344, 1345, 1353, 1360, 1361, 1363, 1367, 1368, 1369, 1371, 1372, 1375, 1377, 1378, 1383, 1385, 1387, 1395, 1396, 1399, 1401, 1402, 1404, 1406, 1417, 1418, 1419, 1421, 1422, 1423, 1424, 1426, 1431, 1433, 1434, 1436, 1437, 1439, 1440, 1441, 1442, 1444, 1445, 1446, 1448, 1449, 1453, 1454, 1457, 1458, 1459, 1461, 1462, 1463, 1466, 1469, 1472, 1473, 1474, 1475, 1477, 1480, 1481, 1489, 1490, 1491, 1492, 1494, 1495, 1498, 1502, 1507, 1508, 1509, 1511, 1512, 1524, 1526, 1527, 1528, 1530, 1531, 1532, 1534, 1535, 1536, 1537, 1539, 1541, 1545, 1551, 1553, 1558, 1560, 1562, 1565, 1580, 1584, 1586, 1596, 1598, 1599, 1605, 1613, 1614, 1616, 1619, 1622, 1624, 1625, 1628, 1629, 1634, 1639, 1640, 1646, 1648, 1650, 1651, 1652, 1653, 1654, 1659, 1660, 1663, 1664, 1665, 1667, 1673, 1677, 1681, 1684, 1696, 1697, 1701, 1703, 1705, 1709, 1713, 1722, 1729, 1733, 1734, 1736, 1738, 1739, 1740, 1751, 1756, 1757, 1759, 1763, 1767, 1769, 1773, 1775, 1783, 1784, 1787, 1788, 1790, 1791, 1793, 1795, 1797, 1802, 1808, 1813, 1820, 1834, 1836, 1841, 1845, 1846, 1853, 1856, 1861, 1868, 1871, 1873, 1875, 1879, 1880, 1886, 1889, 1892, 1899, 1902, 1916

[Cluster__5]
1, 2, 3, 5, 7, 20, 23, 29, 31, 32, 34, 48, 52, 71, 76, 85, 89, 103, 126, 127, 130, 133, 135, 137, 141, 142, 168, 192, 294, 301, 304, 305, 312, 313, 321, 330, 351, 357, 360, 361, 364, 385, 388, 391, 432, 442, 453, 456, 477, 497, 499, 501, 523, 542, 556, 562, 565, 567, 570, 573, 582, 583, 589, 602, 611, 632, 635, 705, 709, 711, 736, 786, 790, 802, 803, 808, 851, 853, 873, 882, 885, 911, 928, 934, 937, 969, 979, 1031, 1036, 1073, 1098, 1117, 1153, 1176, 1189, 1205, 1221, 1228, 1252, 1255, 1259, 1278, 1280, 1286, 1288, 1308, 1309, 1320, 1338, 1339, 1388, 1398, 1400, 1405, 1408, 1413, 1420, 1456, 1468, 1478, 1510, 1522, 1543, 1544, 1552, 1561, 1566, 1567, 1575, 1583, 1595, 1632, 1635, 1655, 1666, 1678, 1682, 1685, 1695, 1706, 1707, 1710, 1712, 1715, 1718, 1732, 1748, 1752, 1760, 1770, 1772, 1774, 1777, 1779, 1781, 1782, 1796, 1798, 1800, 1809, 1810, 1812, 1857, 1874, 1882, 1891, 1908, 1912, 1936, 1940, 1954, 1979, 2000, 2003, 2010, 2012, 2014, 2018, 2024, 2036, 2046

[Cluster__6]
4, 6, 9, 12, 14, 15, 17, 25, 26, 27, 33, 37, 38, 40, 41, 43, 49, 50, 51, 53, 56, 64, 67, 68, 70, 79, 83, 87, 88, 111, 115, 121, 122, 125, 129, 132, 134, 136, 138, 144, 145, 147, 148, 150, 151, 157, 158, 159, 160, 161, 162, 163, 164, 165, 166, 172, 173, 174, 175, 178, 182, 186, 187, 189, 191, 195, 196, 197, 198, 199, 201, 202, 206, 207, 208, 213, 221, 225, 228, 230, 232, 233, 242, 246, 247, 248, 251, 256, 259, 261, 262, 266, 269, 275, 283, 285, 286, 287, 288, 297, 302, 306, 308, 311, 315, 319, 320, 324, 325, 327, 328, 331, 332, 333, 336, 337, 338, 339, 342, 343, 344, 346, 347, 350, 352, 355, 358, 359, 362, 363, 365, 366, 367, 368, 369, 370, 371, 372, 374, 375, 384, 392, 393, 397, 399, 403, 405, 407, 408, 411, 413, 414, 418, 419, 420, 426, 428, 436, 439, 457, 458, 464, 465, 467, 468, 472, 474, 476, 478, 493, 494, 496, 498, 507, 511, 512, 522, 524, 525, 526, 530, 531, 532, 536, 538, 539, 543, 544, 550, 551, 552, 559, 563, 568, 574, 578, 579, 580, 581, 585, 586, 587, 591, 592, 593, 597, 598, 599, 607, 609, 610, 613, 614, 615, 616, 618, 631, 634, 636, 637, 644, 650, 653, 656, 659, 661, 666, 672, 674, 675, 677, 679, 680, 683, 687, 690, 694, 695, 697, 699, 702, 703, 714, 716, 717, 718, 719, 729, 733, 734, 735, 737, 741, 749, 751, 752, 758, 759, 763, 766, 769, 770, 772, 781, 784, 791, 793, 794, 796, 801, 804, 809, 812, 813, 824, 827, 828, 835, 836, 837, 840, 841, 842, 843, 850, 852, 854, 855, 856, 857, 858, 859, 860, 862, 863, 865, 868, 870, 871, 872, 878, 880, 886, 888, 891, 892, 894, 897, 898, 900, 902, 903, 904, 905, 906, 909, 914, 915, 917, 919, 922, 929, 935, 936, 942, 943, 944, 946, 948, 949, 950, 951, 952, 953, 954, 955, 957, 959, 963, 964, 965, 967, 968, 971, 975, 976, 977, 980, 981, 983, 988, 989, 993, 994, 995, 996, 998, 999, 1000, 1001, 1002, 1003, 1005, 1006, 1009, 1010, 1011, 1012, 1013, 1015, 1016, 1022, 1024, 1025, 1027, 1029, 1034, 1035, 1041, 1045, 1046, 1047, 1048, 1049, 1050, 1052, 1053, 1058, 1059, 1061, 1062, 1064, 1068, 1071, 1074, 1078, 1080, 1085, 1086, 1087, 1092, 1093, 1094, 1095, 1096, 1097, 1099, 1107, 1110, 1115, 1116, 1119, 1120, 1121, 1123, 1124, 1125, 1127, 1131, 1133, 1135, 1143, 1145, 1150, 1151, 1152, 1154, 1155, 1156, 1157, 1158, 1161, 1165, 1167, 1178, 1180, 1183, 1184, 1186, 1187, 1191, 1201, 1203, 1207, 1208, 1209, 1211, 1214, 1215, 1216, 1226, 1227, 1229, 1230, 1233, 1234, 1235, 1236, 1237, 1238, 1240, 1241, 1244, 1245, 1246, 1249, 1251, 1254, 1257, 1258, 1262, 1264, 1266, 1270, 1271, 1275, 1279, 1283, 1287, 1290, 1292, 1295, 1296, 1297, 1298, 1299, 1300, 1301, 1302, 1305, 1307, 1312, 1313, 1318, 1319, 1322, 1324, 1325, 1326, 1328, 1331, 1334, 1340, 1342, 1343, 1346, 1347, 1348, 1349, 1350, 1351, 1352, 1354, 1355, 1356, 1357, 1359, 1362, 1365, 1366, 1370, 1373, 1374, 1379, 1380, 1381, 1382, 1384, 1386, 1389, 1391, 1392, 1393, 1397, 1403, 1407, 1409, 1411, 1412, 1414, 1415, 1416, 1425, 1427, 1428, 1429, 1430, 1432, 1435, 1443, 1447, 1450, 1451, 1452, 1455, 1460, 1464, 1465, 1470, 1471, 1476, 1479, 1483, 1484, 1485, 1486, 1488, 1493, 1496, 1497, 1499, 1500, 1501, 1503, 1504, 1505, 1506, 1513, 1515, 1516, 1517, 1518, 1519, 1520, 1521, 1523, 1525, 1529, 1533, 1538, 1540, 1542, 1550, 1554, 1555, 1556, 1559, 1563, 1564, 1568, 1570, 1576, 1577, 1578, 1579, 1581, 1582, 1587, 1588, 1589, 1590, 1592, 1594, 1597, 1602, 1603, 1604, 1606, 1607, 1608, 1609, 1610, 1611, 1612, 1615, 1617, 1620, 1621, 1623, 1626, 1627, 1630, 1631, 1633, 1636, 1638, 1641, 1644, 1647, 1649, 1656, 1657, 1658, 1661, 1662, 1668, 1669, 1670, 1671, 1672, 1674, 1675, 1676, 1679, 1680, 1686, 1687, 1688, 1689, 1690, 1691, 1694, 1702, 1708, 1714, 1717, 1719, 1720, 1723, 1724, 1726, 1727, 1728, 1730, 1742, 1743, 1744, 1745, 1746, 1747, 1749, 1753, 1754, 1755, 1758, 1761, 1764, 1765, 1766, 1768, 1771, 1776, 1778, 1780, 1786, 1789, 1792, 1794, 1799, 1801, 1803, 1807, 1811, 1814, 1815, 1816, 1817, 1821, 1822, 1823, 1826, 1830, 1831, 1832, 1833, 1837, 1838, 1839, 1840, 1842, 1843, 1844, 1847, 1848, 1849, 1850, 1851, 1852, 1855, 1858, 1859, 1862, 1866, 1867, 1869, 1870, 1872, 1876, 1878, 1881, 1883, 1884, 1885, 1888, 1890, 1895, 1897, 1900, 1901, 1904, 1905, 1906, 1909, 1911, 1913, 1917, 1918, 1923, 1927, 1928, 1931, 1933, 1934, 1935, 1937, 1939, 1941, 1943, 1950, 1953, 1959, 1967, 1973, 1974, 1981, 1991, 1993, 1995, 1996, 1998, 2001, 2002, 2005, 2008, 2009, 2011, 2013, 2015, 2016, 2017, 2019, 2020, 2022, 2023, 2028, 2029, 2031, 2035, 2039, 2040, 2041, 2049, 2050, 2052, 2056, 2057, 2059, 2064, 2073

[Cluster__7]
86, 120, 139, 205, 273, 293, 296, 326, 345, 349, 485, 547, 560, 564, 572, 575, 576, 584, 595, 604, 621, 624, 655, 665, 673, 686, 710, 713, 721, 727, 745, 756, 761, 765, 768, 800, 814, 815, 839, 848, 866, 889, 907, 926, 931, 932, 933, 938, 939, 940, 941, 945, 962, 966, 985, 997, 1057, 1063, 1067, 1072, 1079, 1084, 1109, 1113, 1122, 1138, 1192, 1195, 1196, 1204, 1210, 1277, 1282, 1285, 1303, 1310, 1311, 1316, 1327, 1336, 1337, 1376, 1390, 1394, 1410, 1438, 1467, 1482, 1487, 1514, 1546, 1557, 1573, 1585, 1591, 1593, 1600, 1601, 1618, 1637, 1642, 1643, 1645, 1683, 1692, 1693, 1698, 1699, 1700, 1704, 1711, 1716, 1721, 1725, 1731, 1735, 1737, 1750, 1762, 1785, 1804, 1805, 1806, 1818, 1819, 1824, 1827, 1828, 1835, 1854, 1860, 1863, 1864, 1865, 1877, 1887, 1893, 1894, 1896, 1898, 1903, 1907, 1910, 1914, 1915, 1919, 1920, 1921, 1922, 1924, 1925, 1926, 1929, 1930, 1932, 1938, 1942, 1944, 1945, 1946, 1947, 1948, 1949, 1951, 1952, 1955, 1956, 1957, 1958, 1960, 1961, 1962, 1963, 1964, 1965, 1966, 1968, 1969, 1970, 1971, 1972, 1975, 1976, 1977, 1978, 1980, 1982, 1983, 1984, 1985, 1986, 1987, 1988, 1989, 1990, 1992, 1994, 1997, 1999, 2004, 2006, 2007, 2021, 2025, 2026, 2027, 2030, 2032, 2033, 2034, 2037, 2038, 2042, 2043, 2044, 2045, 2047, 2048, 2051, 2053, 2054, 2055, 2058, 2060, 2061, 2062, 2063, 2066, 2067, 2068, 2069, 2071, 2074, 2076, 2077, 2078, 2081, 2082, 2084, 2087, 2088, 2089

[Cluster__8]
1315, 1321, 1741, 1829, 2065, 2070, 2072, 2075, 2079, 2080, 2083, 2086, 2090

[Cluster__9]
373, 1569, 1571, 1572, 1574, 1825, 2085

