Year	Month	UserCount
1995	1	2
1996	1	6
1996	2	21
1996	3	229
1996	4	1243
1996	5	3437
1996	6	4058
1996	7	3503
1996	8	3310
1996	9	2417
1996	10	3043
1996	11	2743
1996	12	1904
1997	1	1437
1997	2	927
1997	3	1549
1997	4	1212
1997	5	1321
1997	6	1072
1997	7	699
1997	9	242
1997	10	217
1997	11	403
1997	12	192
1998	1	240
1998	2	149
1998	3	235
1998	4	196
1998	5	81
1998	6	163
1998	7	665
1998	8	282
1998	9	109
1998	10	102
1998	11	116
1998	12	287
1999	1	153
1999	2	110
1999	3	72
1999	4	101
1999	5	87
1999	6	74
1999	7	81
1999	8	77
1999	9	462
1999	10	3050
1999	11	1518
1999	12	3217
2000	1	1048
2000	2	781
2000	3	937
2000	4	1240
2000	5	605
2000	6	547
2000	7	946
2000	8	1433
2000	9	419
2000	10	359
2000	11	2907
2000	12	892
2001	1	709
2001	2	533
2001	3	384
2001	4	350
2001	5	265
2001	6	1087
2001	7	896
2001	8	574
2001	9	515
2001	10	558
2001	11	664
2001	12	499
2002	1	569
2002	2	482
2002	3	399
2002	4	492
2002	5	302
2002	6	282
2002	7	296
2002	8	323
2002	9	306
2002	10	352
2002	11	394
2002	12	387
2003	1	767
2003	2	609
2003	3	542
2003	4	376
2003	5	362
2003	6	314
2003	7	371
2003	8	297
2003	9	406
2003	10	391
2003	11	409
2003	12	357
2004	1	434
2004	2	521
2004	3	503
2004	4	343
2004	5	433
2004	6	358
2004	7	350
2004	8	431
2004	9	482
2004	10	427
2004	11	425
2004	12	354
2005	1	665
2005	2	642
2005	3	2143
2005	4	1078
2005	5	785
2005	6	616
2005	7	495
2005	8	403
2005	9	546
2005	10	487
2005	11	546
2005	12	477
2006	1	636
2006	2	577
2006	3	587
2006	4	493
2006	5	402
2006	6	433
2006	7	493
2006	8	420
2006	9	418
2006	10	548
2006	11	466
2006	12	575
2007	1	608
2007	2	544
2007	3	474
2007	4	424
2007	5	434
2007	6	481
2007	7	467
2007	8	259
2007	9	366
2007	10	425
2007	11	432
2007	12	412
2008	1	610
2008	2	491
2008	3	419
2008	4	412
2008	5	378
2008	6	472
2008	7	532
2008	8	476
2008	9	369
2008	10	1292
2008	11	777
2008	12	530
2009	1	667
2009	2	471
2009	3	577
2009	4	501
2009	5	455
2009	6	445
2009	7	438
2009	8	410
2009	9	395
2009	10	419
2009	11	374
2009	12	384
2010	1	469
2010	2	361
2010	3	386
2010	4	407
2010	5	423
2010	6	395
2010	7	477
2010	8	469
2010	9	648
2010	10	554
2010	11	485
2010	12	481
2011	1	498
2011	2	465
2011	3	597
2011	4	532
2011	5	481
2011	6	355
2011	7	386
2011	8	359
2011	9	326
2011	10	383
2011	11	355
2011	12	367
2012	1	297
2012	2	368
2012	3	360
2012	4	395
2012	5	720
2012	6	362
2012	7	364
2012	8	319
2012	9	311
2012	10	442
2012	11	386
2012	12	378
2013	1	353
2013	2	329
2013	3	340
2013	4	348
2013	5	341
2013	6	337
2013	7	339
2013	8	274
2013	9	674
2013	10	328
2013	11	331
2013	12	324
2014	1	357
2014	2	375
2014	3	370
2014	4	279
2014	5	274
2014	6	257
2014	7	293
2014	8	256
2014	9	220
2014	10	279
2014	11	447
2014	12	420
2015	1	524
2015	2	578
2015	3	526
