[Cluster__1]
515, 517, 518, 520

[Cluster__2]
849, 879, 1547, 1548, 1549

[Cluster__3]
757, 764, 881, 884, 987, 1020, 1032, 1042, 1044, 1070, 1358, 1364

[Cluster__4]
8, 19, 28, 33, 35, 42, 44, 47, 51, 54, 55, 72, 77, 78, 81, 82, 93, 94, 95, 108, 112, 115, 116, 131, 154, 155, 156, 159, 162, 164, 167, 169, 171, 177, 179, 180, 181, 186, 187, 188, 190, 212, 213, 214, 221, 235, 236, 238, 243, 245, 249, 260, 262, 267, 268, 269, 270, 277, 279, 280, 285, 288, 290, 297, 308, 337, 342, 359, 374, 377, 379, 380, 381, 384, 393, 396, 406, 408, 412, 413, 416, 417, 419, 422, 423, 424, 425, 428, 434, 438, 448, 449, 469, 475, 476, 480, 483, 487, 488, 492, 495, 496, 506, 511, 525, 534, 543, 549, 555, 557, 561, 566, 574, 577, 608, 615, 617, 619, 620, 626, 627, 634, 637, 639, 643, 647, 649, 650, 651, 653, 657, 662, 669, 671, 672, 674, 679, 681, 684, 688, 689, 692, 696, 697, 699, 702, 703, 706, 708, 715, 728, 731, 737, 738, 743, 754, 755, 762, 779, 792, 797, 824, 827, 828, 829, 834, 844, 845, 860, 863, 872, 874, 878, 883, 888, 891, 893, 917, 918, 922, 938, 939, 940, 954, 956, 958, 960, 961, 964, 967, 970, 972, 974, 975, 984, 1008, 1019, 1034, 1037, 1039, 1050, 1054, 1065, 1069, 1086, 1090, 1095, 1096, 1099, 1101, 1106, 1108, 1112, 1114, 1115, 1128, 1129, 1130, 1134, 1136, 1139, 1141, 1145, 1159, 1162, 1168, 1169, 1172, 1187, 1188, 1190, 1191, 1194, 1197, 1203, 1217, 1226, 1243, 1251, 1263, 1265, 1274, 1289, 1291, 1314, 1318, 1323, 1324, 1330, 1331, 1353, 1371, 1373, 1379, 1387, 1399, 1404, 1406, 1412, 1422, 1424, 1435, 1440, 1445, 1446, 1451, 1452, 1453, 1461, 1475, 1502, 1551, 1584, 1621, 1622, 1624, 1649, 1664, 1667, 1736, 1766

[Cluster__5]
0, 1, 2, 3, 4, 5, 6, 7, 9, 10, 11, 12, 13, 14, 15, 16, 17, 18, 20, 21, 22, 23, 24, 25, 30, 31, 32, 34, 36, 37, 38, 39, 40, 41, 43, 45, 46, 48, 49, 50, 52, 53, 56, 57, 58, 59, 60, 61, 62, 63, 64, 65, 66, 67, 68, 69, 70, 71, 73, 74, 75, 76, 79, 80, 83, 84, 85, 86, 87, 88, 89, 90, 91, 92, 96, 97, 98, 99, 100, 101, 102, 103, 104, 105, 106, 107, 109, 110, 111, 113, 114, 117, 118, 119, 121, 122, 123, 124, 125, 126, 127, 128, 129, 132, 133, 134, 135, 136, 137, 138, 140, 143, 145, 146, 147, 148, 149, 150, 151, 152, 153, 157, 158, 160, 161, 163, 165, 166, 168, 170, 172, 173, 174, 175, 176, 178, 182, 183, 184, 185, 189, 191, 193, 194, 196, 197, 198, 199, 200, 201, 202, 203, 204, 206, 207, 208, 209, 210, 211, 215, 216, 217, 218, 219, 220, 222, 223, 224, 225, 226, 227, 228, 229, 230, 231, 232, 233, 234, 237, 239, 240, 241, 242, 244, 246, 247, 248, 250, 251, 252, 253, 254, 255, 256, 257, 258, 259, 261, 263, 264, 265, 266, 271, 272, 273, 274, 275, 276, 278, 281, 282, 283, 284, 286, 287, 289, 291, 292, 294, 295, 298, 299, 300, 301, 302, 303, 304, 305, 306, 307, 309, 310, 311, 312, 313, 314, 315, 316, 317, 318, 319, 320, 321, 322, 323, 324, 325, 328, 329, 330, 332, 333, 334, 335, 336, 339, 340, 341, 343, 344, 346, 347, 348, 350, 351, 352, 353, 354, 355, 356, 357, 358, 360, 361, 362, 363, 364, 365, 366, 367, 369, 370, 372, 375, 376, 378, 382, 383, 385, 386, 387, 388, 389, 390, 391, 392, 394, 395, 397, 398, 399, 400, 401, 402, 403, 404, 405, 407, 409, 410, 414, 415, 418, 420, 421, 426, 427, 429, 430, 431, 432, 433, 435, 436, 437, 439, 440, 441, 442, 443, 444, 445, 446, 447, 450, 451, 452, 453, 454, 455, 456, 457, 458, 459, 460, 461, 462, 463, 464, 465, 466, 467, 468, 470, 471, 473, 474, 477, 478, 479, 481, 482, 484, 485, 486, 489, 490, 491, 493, 494, 498, 499, 500, 501, 502, 503, 504, 505, 507, 508, 509, 510, 512, 513, 514, 516, 519, 521, 522, 523, 526, 527, 528, 529, 530, 531, 532, 533, 535, 536, 537, 538, 540, 541, 542, 544, 545, 546, 547, 548, 550, 551, 552, 553, 554, 558, 562, 565, 567, 568, 569, 570, 571, 573, 578, 579, 580, 581, 587, 588, 589, 590, 591, 592, 593, 594, 596, 597, 598, 599, 600, 601, 602, 603, 605, 606, 607, 609, 610, 611, 612, 613, 614, 616, 618, 622, 623, 624, 625, 628, 629, 630, 631, 632, 633, 635, 636, 638, 640, 641, 642, 644, 645, 646, 648, 652, 654, 655, 656, 658, 659, 660, 661, 663, 664, 665, 666, 667, 668, 670, 673, 675, 676, 677, 678, 680, 682, 683, 685, 686, 687, 690, 691, 693, 694, 695, 698, 700, 701, 704, 705, 707, 709, 711, 712, 713, 714, 716, 717, 718, 719, 720, 721, 722, 723, 724, 725, 726, 727, 729, 730, 732, 733, 734, 735, 739, 740, 741, 742, 744, 745, 746, 747, 748, 749, 750, 751, 752, 753, 758, 759, 760, 763, 765, 766, 767, 769, 770, 771, 772, 773, 774, 775, 776, 777, 778, 780, 781, 782, 783, 784, 785, 786, 787, 788, 789, 790, 791, 793, 794, 795, 796, 798, 799, 800, 801, 805, 806, 807, 808, 809, 810, 811, 812, 813, 815, 816, 817, 818, 819, 820, 821, 822, 823, 825, 826, 830, 831, 832, 833, 835, 836, 838, 839, 840, 841, 842, 843, 846, 847, 848, 850, 852, 853, 854, 855, 856, 857, 858, 859, 861, 862, 864, 865, 866, 867, 869, 870, 871, 873, 875, 876, 877, 880, 882, 885, 886, 887, 889, 890, 894, 895, 896, 897, 898, 899, 900, 901, 902, 903, 904, 905, 906, 908, 909, 910, 911, 912, 913, 914, 915, 916, 919, 920, 921, 923, 924, 925, 927, 929, 930, 935, 936, 937, 946, 947, 948, 949, 950, 951, 952, 953, 955, 957, 959, 962, 963, 965, 966, 968, 969, 971, 973, 976, 977, 978, 979, 980, 981, 982, 983, 986, 988, 989, 990, 991, 992, 993, 994, 995, 996, 997, 998, 999, 1000, 1001, 1002, 1003, 1004, 1005, 1006, 1007, 1009, 1010, 1011, 1012, 1013, 1014, 1015, 1016, 1017, 1018, 1021, 1022, 1023, 1024, 1025, 1026, 1027, 1028, 1029, 1030, 1031, 1033, 1035, 1036, 1038, 1040, 1041, 1043, 1045, 1046, 1047, 1048, 1049, 1051, 1052, 1053, 1055, 1056, 1057, 1058, 1059, 1060, 1061, 1062, 1063, 1064, 1066, 1067, 1068, 1071, 1072, 1073, 1074, 1075, 1076, 1077, 1078, 1079, 1080, 1081, 1082, 1083, 1084, 1085, 1087, 1088, 1089, 1091, 1092, 1093, 1094, 1097, 1098, 1100, 1102, 1103, 1104, 1105, 1107, 1109, 1110, 1111, 1113, 1118, 1119, 1120, 1121, 1122, 1123, 1124, 1125, 1126, 1127, 1131, 1132, 1133, 1135, 1137, 1138, 1140, 1142, 1143, 1144, 1146, 1147, 1148, 1149, 1150, 1152, 1153, 1154, 1155, 1156, 1157, 1158, 1160, 1161, 1163, 1164, 1165, 1166, 1167, 1170, 1171, 1173, 1174, 1175, 1176, 1177, 1179, 1180, 1181, 1182, 1183, 1184, 1185, 1186, 1189, 1193, 1195, 1196, 1198, 1199, 1200, 1201, 1202, 1206, 1207, 1208, 1209, 1210, 1211, 1212, 1213, 1214, 1215, 1216, 1218, 1219, 1220, 1222, 1223, 1224, 1225, 1227, 1228, 1229, 1230, 1231, 1232, 1233, 1234, 1235, 1236, 1237, 1238, 1239, 1240, 1241, 1242, 1244, 1245, 1246, 1247, 1248, 1249, 1250, 1252, 1253, 1254, 1256, 1257, 1258, 1259, 1260, 1261, 1262, 1264, 1266, 1267, 1268, 1269, 1271, 1272, 1273, 1275, 1276, 1278, 1279, 1280, 1281, 1283, 1284, 1285, 1286, 1287, 1290, 1292, 1293, 1294, 1295, 1296, 1297, 1298, 1299, 1300, 1301, 1302, 1304, 1305, 1306, 1307, 1310, 1312, 1313, 1316, 1317, 1322, 1325, 1326, 1327, 1328, 1329, 1332, 1333, 1334, 1335, 1338, 1340, 1341, 1342, 1343, 1344, 1345, 1346, 1347, 1348, 1349, 1350, 1351, 1352, 1354, 1355, 1356, 1357, 1359, 1360, 1361, 1362, 1363, 1365, 1366, 1367, 1368, 1369, 1370, 1372, 1374, 1375, 1376, 1377, 1378, 1380, 1381, 1382, 1383, 1384, 1385, 1386, 1388, 1389, 1390, 1391, 1392, 1393, 1394, 1395, 1396, 1397, 1398, 1400, 1401, 1402, 1403, 1405, 1407, 1408, 1409, 1410, 1411, 1414, 1415, 1416, 1417, 1418, 1419, 1420, 1421, 1423, 1425, 1426, 1427, 1428, 1430, 1431, 1432, 1433, 1434, 1436, 1437, 1438, 1439, 1441, 1442, 1443, 1444, 1447, 1448, 1449, 1450, 1454, 1455, 1456, 1457, 1458, 1459, 1460, 1462, 1463, 1464, 1465, 1466, 1467, 1468, 1469, 1470, 1471, 1472, 1473, 1474, 1476, 1477, 1478, 1479, 1480, 1481, 1485, 1486, 1488, 1489, 1490, 1491, 1492, 1493, 1494, 1495, 1496, 1497, 1498, 1499, 1500, 1501, 1503, 1504, 1505, 1506, 1507, 1508, 1509, 1511, 1512, 1515, 1517, 1518, 1519, 1520, 1521, 1522, 1523, 1524, 1525, 1526, 1527, 1528, 1529, 1530, 1531, 1532, 1533, 1534, 1535, 1536, 1537, 1538, 1539, 1540, 1541, 1542, 1543, 1544, 1545, 1546, 1550, 1552, 1553, 1554, 1555, 1556, 1558, 1559, 1560, 1561, 1562, 1563, 1564, 1565, 1566, 1567, 1568, 1570, 1576, 1577, 1578, 1580, 1581, 1582, 1583, 1585, 1586, 1587, 1588, 1589, 1590, 1592, 1593, 1594, 1596, 1597, 1598, 1599, 1601, 1602, 1603, 1604, 1605, 1606, 1607, 1608, 1609, 1610, 1611, 1612, 1613, 1614, 1615, 1616, 1617, 1618, 1619, 1620, 1623, 1625, 1626, 1627, 1628, 1629, 1630, 1631, 1632, 1633, 1634, 1635, 1636, 1638, 1639, 1640, 1641, 1642, 1643, 1644, 1645, 1646, 1647, 1648, 1650, 1651, 1652, 1653, 1654, 1655, 1656, 1657, 1658, 1659, 1660, 1661, 1662, 1663, 1665, 1666, 1668, 1670, 1671, 1673, 1674, 1675, 1676, 1677, 1679, 1680, 1681, 1683, 1684, 1685, 1686, 1687, 1688, 1689, 1690, 1691, 1692, 1693, 1694, 1695, 1696, 1697, 1701, 1702, 1703, 1705, 1706, 1707, 1709, 1711, 1712, 1713, 1714, 1715, 1717, 1718, 1720, 1722, 1723, 1725, 1726, 1727, 1728, 1729, 1730, 1732, 1733, 1734, 1737, 1738, 1739, 1740, 1742, 1743, 1744, 1745, 1746, 1747, 1748, 1749, 1750, 1751, 1752, 1753, 1754, 1755, 1756, 1757, 1758, 1759, 1760, 1761, 1763, 1764, 1765, 1767, 1768, 1769, 1771, 1772, 1773, 1774, 1775, 1776, 1777, 1778, 1779, 1781, 1782, 1783, 1784, 1785, 1786, 1787, 1788, 1789, 1790, 1791, 1792, 1793, 1794, 1795, 1797, 1798, 1799, 1801, 1802, 1803, 1804, 1805, 1806, 1808, 1810, 1811, 1813, 1814, 1815, 1816, 1820, 1822, 1823, 1826, 1828, 1830, 1831, 1832, 1833, 1834, 1835, 1836, 1837, 1838, 1839, 1840, 1841, 1843, 1844, 1845, 1846, 1847, 1848, 1849, 1850, 1851, 1852, 1853, 1854, 1855, 1856, 1857, 1858, 1859, 1861, 1862, 1865, 1866, 1867, 1868, 1869, 1870, 1871, 1872, 1873, 1874, 1875, 1876, 1877, 1878, 1879, 1880, 1881, 1883, 1885, 1886, 1887, 1888, 1889, 1891, 1892, 1893, 1897, 1898, 1899, 1900, 1901, 1902, 1904, 1905, 1906, 1908, 1909, 1910, 1911, 1912, 1913, 1916, 1918, 1920, 1923, 1924, 1925, 1927, 1928, 1929, 1930, 1931, 1934, 1936, 1937, 1939, 1940, 1941, 1942, 1943, 1945, 1946, 1947, 1948, 1949, 1950, 1951, 1954, 1956, 1958, 1959, 1963, 1968, 1972, 1973, 1975, 1981, 1986, 1987, 1990, 1991, 1993, 1995, 1996, 1999, 2001, 2002, 2007, 2008, 2009, 2011, 2012, 2013, 2014, 2015, 2017, 2018, 2019, 2020, 2021, 2023, 2024, 2026, 2029, 2031, 2032, 2041, 2046, 2049, 2055, 2056, 2059

[Cluster__6]
26, 27, 29, 130, 139, 141, 142, 192, 195, 327, 331, 345, 349, 497, 524, 556, 559, 564, 572, 575, 582, 583, 604, 621, 710, 736, 756, 761, 768, 802, 803, 804, 814, 837, 851, 868, 892, 907, 928, 932, 933, 934, 941, 985, 1116, 1117, 1151, 1178, 1204, 1205, 1221, 1255, 1270, 1277, 1288, 1303, 1308, 1309, 1319, 1320, 1337, 1339, 1413, 1429, 1482, 1483, 1484, 1487, 1510, 1513, 1516, 1557, 1573, 1575, 1579, 1591, 1595, 1600, 1637, 1669, 1672, 1678, 1682, 1698, 1704, 1708, 1710, 1719, 1721, 1724, 1731, 1762, 1770, 1780, 1796, 1800, 1807, 1809, 1812, 1817, 1818, 1819, 1821, 1824, 1842, 1860, 1863, 1864, 1882, 1884, 1890, 1894, 1895, 1896, 1903, 1907, 1914, 1917, 1922, 1926, 1932, 1933, 1935, 1938, 1944, 1952, 1953, 1955, 1957, 1960, 1961, 1962, 1964, 1966, 1967, 1969, 1970, 1971, 1974, 1976, 1977, 1978, 1979, 1980, 1982, 1983, 1984, 1985, 1988, 1989, 1992, 1994, 1997, 1998, 2000, 2003, 2004, 2005, 2006, 2010, 2016, 2022, 2025, 2027, 2028, 2030, 2033, 2034, 2035, 2036, 2037, 2039, 2040, 2042, 2043, 2044, 2045, 2047, 2048, 2050, 2051, 2052, 2053, 2054, 2057, 2058, 2060, 2063, 2064, 2066, 2067, 2069, 2071, 2073, 2074, 2076, 2081, 2084, 2088, 2089

[Cluster__7]
120, 144, 205, 293, 296, 326, 338, 368, 371, 411, 472, 539, 560, 563, 584, 585, 586, 595, 926, 931, 942, 943, 944, 945, 1192, 1282, 1311, 1315, 1514, 1699, 1700, 1716, 1741, 1827, 1829, 1915, 1919, 1921, 1965, 2038, 2061, 2062, 2065, 2068, 2070, 2075, 2077, 2078, 2079, 2080, 2082, 2083, 2087

[Cluster__8]
373, 576, 1321, 1336, 1569, 1571, 1572, 1574, 1735, 1825, 2072, 2085, 2086, 2090

